0 50 20
2 50.96 20
4 51.68 20
6 51.92 20
8 51.44 20
10 50 20
12 47.28 20.16
14 43.44 20.48
16 38.96 20.72
18 34.32 20.64
20 30 20
22.16 25.68 18.8
24.48 21.04 17.2
26.72 16.56 15.2
28.64 12.72 12.8
30 10 10
30.8 8.72 6.48
31.2 8.56 2.24
31.2 9.04 -2.24
30.8 9.68 -6.48
30 10 -10
28.64 9.36 -12.8
26.72 8.08 -15.2
24.48 7.12 -17.2
22.16 7.44 -18.8
20 10 -20
18 15.28 -20.64
16 22.64 -20.72
14 31.36 -20.48
12 40.72 -20.16
10 50 -20
8 59.84 -20
6 70.72 -20
4 81.68 -20
2 91.76 -20
0 100 -20
-2 107.04 -20
-4 113.52 -20
-6 118.48 -20
-8 120.96 -20
-10 120 -20
-12 113.68 -20.16
-14 102.64 -20.48
-16 89.76 -20.72
-18 77.92 -20.64
-20 70 -20
-22.16 67.28 -18.8
-24.48 67.84 -17.2
-26.72 69.76 -15.2
-28.64 71.12 -12.8
-30 70 -10
-30.8 65.6 -6.48
-31.2 59.2 -2.24
-31.2 52 2.24
-30.8 45.2 6.48
-30 40 10
-28.64 36.4 12.8
-26.72 33.6 15.2
-24.48 31.6 17.2
-22.16 30.4 18.8
-20 30 20
-18 30.72 20.64
-16 32.56 20.72
-14 35.04 20.48
-12 37.68 20.16
-10 40 20
-8 42.16 20
-6 44.48 20
-4 46.72 20
-2 48.64 20
