-138.62195 12.76685
-138.69914 8.44295
-138.67436 5.22712
-138.64987 2.04702
-138.62261 -1.49040
-138.59784 -4.70623
-138.64416 -8.25582
-138.34975 -12.32146
-138.28821 -16.21097
-137.97388 -20.13021
-137.78759 -23.82020
-137.34233 -27.82958
-136.94915 -32.25007
-136.70292 -35.52467
-136.28083 -39.08791
-135.56633 -43.21055
-135.06810 -46.92346
-134.61834 -49.98039
-133.80446 -53.17214
-133.11441 -56.68337
-132.32797 -60.41121
-131.60648 -63.90532
-130.71063 -67.49133
-129.71232 -71.17268
-128.77850 -74.45228
-127.75977 -77.59757
-126.46964 -80.90816
-124.72325 -84.47803
-123.03956 -87.87619
-121.13489 -91.27143
-119.12361 -94.16258
-117.11539 -96.65670
-115.10946 -98.85306
-113.10628 -100.69211
-111.10555 -102.21354
-109.10635 -103.53647
-107.10868 -104.66089
-105.11223 -105.62650
-103.11594 -106.57226
-101.12132 -107.29966
-99.12656 -108.04692
-97.13286 -108.65521
-95.13932 -109.24366
-93.14669 -109.71300
-91.15376 -110.22204
-89.16159 -110.63183
-87.17004 -110.96222
-85.17833 -111.31245
-83.18723 -111.58329
-81.19583 -111.89382
-79.20581 -112.02570
-77.21502 -112.25683
-75.22468 -112.42841
-73.23435 -112.59999
-71.24540 -112.59291
-69.25644 -112.58583
-67.26749 -112.57876
-65.27853 -112.57168
-63.28958 -112.56460
-61.30062 -112.55752
-59.31274 -112.41149
-57.32546 -112.18605
-55.33880 -111.88121
-53.35229 -111.55652
-51.36609 -111.19213
-49.38157 -110.60937
-47.39659 -110.08617
-45.41283 -109.40417
-43.43000 -108.60306
-41.44762 -107.74240
-39.46661 -106.70307
-37.48637 -105.56450
-35.50751 -104.24727
-33.52957 -102.81093
-31.55407 -101.05698
-29.58041 -99.06482
-27.60919 -96.75505
-25.64256 -93.84975
-23.89839 -90.75524
-22.24403 -87.47728
-21.07709 -84.04282
-20.11127 -80.31874
-19.36445 -76.85450
-18.59259 -73.05518
-17.97177 -69.11602
-17.57339 -65.50308
-17.23282 -61.89884
-17.00435 -58.08657
-16.87423 -55.85283
-16.89336 -53.36949
-16.92687 -49.01919
-17.07097 -44.65736
-17.42839 -41.29383
-18.00611 -38.02041
-18.80390 -34.86689
-19.82343 -31.61886
-20.73237 -28.38236
-22.19472 -25.02701
-23.76568 -21.91877
-25.55747 -18.83117
-27.56860 -15.95988
-29.57774 -13.34665
-31.58443 -11.05104
-33.58929 -8.99363
-35.59018 -7.45235
-37.58846 -6.24853
-39.58460 -5.32262
-41.57922 -4.59521
-43.57307 -3.96707
-45.56661 -3.37862
-47.55939 -2.88943
-49.55262 -2.34068
-51.54510 -1.89119
-53.53833 -1.34245
-55.53142 -0.81355
-57.52557 -0.14570
-59.52064 0.64125
-61.51663 1.54731
-63.51522 2.79083
-65.51687 4.43137
-67.52448 6.84609
-69.31543 9.82310
-71.02664 13.20840
-72.43492 16.31757
-73.39446 19.74844
-74.47836 23.78185
-75.22601 27.59809
-75.82610 31.21387
-76.13639 34.60735
-76.45651 37.91146
-76.31006 42.80732
-75.92449 48.08434
-75.16663 52.16436
-74.28467 55.61667
-73.30208 58.75668
-72.26154 62.34356
-70.85040 65.63681
-69.21881 69.00211
-67.36461 72.15763
-65.39829 75.10262
-63.42830 77.57120
-61.45540 79.66262
-59.48005 81.43642
-57.50226 82.89261
-55.52325 84.18999
-53.54316 85.34841
-51.56124 86.26863
-49.57794 87.01019
-47.59266 87.49368
-45.60676 87.89778
-43.62025 88.22247
-41.63222 88.34865
-39.64555 88.65349
-37.65690 88.70027
-35.66825 88.74705
-33.68113 88.99234
-31.69279 89.07882
-29.70384 89.08590
-27.71488 89.09298
-25.72715 89.25886
-23.73972 89.46445
-21.75077 89.47153
-19.76181 89.47860
-17.77286 89.48568
-15.78512 89.65157
-13.79770 89.85715
-11.80874 89.86423
-9.81979 89.87131
-7.83083 89.87839
-5.84310 90.04427
-3.85567 90.24986
-1.86672 90.25694
0.12224 90.26401
2.11119 90.27109
4.09984 90.31787
6.08727 90.52346
8.07530 90.64964
10.06426 90.65672
12.05322 90.66380
14.04217 90.67088
16.03113 90.67795
18.01916 90.80414
20.00720 90.93032
21.99524 91.05650
23.98419 91.06358
25.97315 91.07066
27.96211 91.07774
29.95106 91.08482
31.94002 91.09189
33.92897 91.09897
35.91793 91.10605
37.90688 91.11313
39.89584 91.12021
41.88479 91.12728
43.87375 91.13436
45.86270 91.14144
47.85166 91.14852
49.84061 91.15560
51.82957 91.16268
53.81852 91.16975
55.80748 91.17683
57.79643 91.18391
59.78539 91.19099
61.77542 91.05911
63.76575 90.88753
65.75501 90.85491
67.74396 90.86199
69.73384 90.74996
71.72463 90.51883
73.71358 90.52591
75.70330 90.43373
77.69425 90.18275
79.68335 90.16997
81.67476 89.85944
83.66478 89.72756
85.65557 89.49643
87.64682 89.20575
89.63807 88.91506
91.62947 88.60453
93.62133 88.23444
95.61381 87.78495
97.60704 87.23620
99.60074 86.62791
101.59474 85.97991
103.58951 85.23266
105.58550 84.32660
107.58210 83.34113
109.58008 82.17701
111.57958 80.81439
113.58093 79.21355
115.58487 77.27525
117.59156 74.97963
119.49133 72.21961
121.06118 69.25494
122.41192 66.04382
123.51566 62.29585
124.56866 58.61468
125.36491 55.66215
126.05382 52.29979
126.18964 49.01289
126.21689 45.47548
126.05883 42.08629
125.50231 37.82619
124.66224 34.17339
123.87535 30.67391
122.70766 27.65483
121.07632 24.25764
119.44228 21.21137
117.58418 18.56205
115.61266 16.29198
113.63685 14.57773
111.65768 13.30020
109.67607 12.34028
107.69338 11.51932
105.70932 10.87702
103.72404 10.39352
101.73844 9.94972
99.75224 9.58533
97.76512 9.34004
95.77785 9.11461
93.79088 8.84947
91.80254 8.76299
89.81358 8.75591
87.82509 8.68928
85.83567 8.74175
83.84672 8.73467
81.85776 8.72760
79.86881 8.72052
77.87985 8.71344
75.89089 8.70636
73.89995 8.95734
71.91023 9.04952
69.92128 9.04244
67.93033 9.29342
65.94061 9.38560
63.95043 9.53733
61.95995 9.72876
59.96962 9.90034
57.97929 10.07192
55.98957 10.16409
53.99862 10.41507
52.00936 10.44770
50.01811 10.73838
48.02900 10.75115
46.04005 10.74408
44.05109 10.73700
42.06214 10.72992
40.07441 10.56404
38.08698 10.35845
36.10078 9.99406
34.11549 9.51056
32.13051 8.98736
30.14752 8.20610
28.16652 7.16678
26.18781 5.82970
24.21201 4.11545
22.24186 1.66672
20.38703 -1.40691
18.86484 -4.62825
17.58169 -8.14225
16.70636 -11.31790
15.73731 -14.62213
14.87914 -17.97510
14.13163 -21.35001
13.48117 -25.02766
12.89419 -29.26022
12.42963 -33.50510
11.97173 -38.10090
11.81162 -42.93173
11.71655 -47.32418
11.96159 -51.64098
12.39153 -55.71040
12.95057 -59.29016
13.77079 -62.62227
14.58620 -66.01395
15.60766 -69.51209
16.73796 -72.79545
18.28276 -76.09521
19.99468 -79.57303
21.67658 -82.73830
23.57877 -85.81345
25.59082 -88.80385
27.59966 -91.37737
29.60605 -93.63329
31.61014 -95.59144
33.61271 -97.35108
35.61282 -98.79312
37.61172 -100.07634
39.60909 -101.16106
41.60523 -102.08697
43.59984 -102.81437
45.59338 -103.40282
47.58586 -103.85231
49.57818 -104.28195
51.56958 -104.59248
53.56052 -104.84346
55.55070 -104.99519
57.54134 -105.20647
59.53136 -105.33835
61.52032 -105.33127
63.50927 -105.32419
65.49823 -105.31712
67.48719 -105.31004
69.47599 -105.28311
71.46295 -105.01797
73.45130 -104.93149
75.43857 -104.70605
77.42630 -104.54017
79.41281 -104.21548
81.39993 -103.97019
83.38629 -103.62565
85.37264 -103.28110
87.35869 -102.89686
89.34444 -102.47291
91.33003 -102.02912
93.31485 -101.48607
95.29999 -100.98272
97.28435 -100.38012
99.26842 -99.73781
101.25233 -99.07566
103.23547 -98.31425
105.21831 -97.51314
107.20038 -96.61277
109.18215 -95.67271
111.16300 -94.61354
113.14339 -93.49481
115.12225 -92.17758
117.10050 -90.78095
119.07753 -89.22550
121.05364 -87.55096
123.02883 -85.75731
125.00296 -83.82470
126.97616 -81.77299
128.94799 -79.54262
130.91859 -77.15344
132.88813 -74.62531
134.85583 -71.85897
136.82245 -68.95367
138.78679 -65.75062
140.64065 -62.55043
142.27454 -59.48503
143.79771 -56.39130
145.31892 -53.04235
146.72947 -49.67253
148.26371 -46.42137
149.33260 -43.32671
150.32651 -40.06160
151.27139 -36.80757
152.12801 -33.25361
152.87506 -29.81915
153.64789 -26.14638
154.18166 -22.51913
154.63388 -19.06338
154.97232 -15.18266
155.52684 -10.66308
155.56912 -6.58943
155.78340 -2.13105
155.94982 1.36835
155.93073 3.84573
155.90596 7.06156
155.92094 11.49244
155.61340 16.35095
155.47152 20.42395
155.17014 24.71077
154.78229 28.61018
154.49648 32.24196
153.99526 36.34196
153.29021 40.60501
152.74483 44.46218
152.14946 47.97715
151.26953 51.54726
150.42750 55.20543
149.34441 58.73511
148.22415 62.30933
146.94100 66.30978
145.47857 69.67363
143.90546 73.06262
142.33431 76.19638
140.54217 79.32935
138.52844 82.53810
136.51731 85.40939
134.50939 87.86381
132.50377 90.02047
130.50013 91.91907
128.49833 93.57946
126.49791 95.06120
124.49886 96.36427
122.50057 97.56809
120.50351 98.61311
118.50676 99.61842
116.51092 100.50463
114.51539 101.35114
112.52063 102.09839
110.52647 102.76624
108.53247 103.41424
106.53877 104.02254
104.54538 104.59113
102.55230 105.12002
100.55967 105.58937
98.56659 106.11826
96.57442 106.52805
94.58226 106.93784
92.59024 107.32778
90.59853 107.67801
88.60744 107.94885
86.61619 108.23953
84.62540 108.47066
82.63415 108.76135
80.64397 108.91307
78.65333 109.12435
76.66239 109.37534
74.67267 109.46751
72.68280 109.57954
70.69201 109.81067
68.70305 109.80359
66.71211 110.05458
64.72239 110.14675
62.73343 110.13967
60.74387 110.21200
58.75292 110.46298
56.76381 110.47575
54.77486 110.46868
52.78590 110.46160
50.79695 110.45452
48.80662 110.62610
46.81766 110.61902
44.82748 110.77075
42.83837 110.78352
40.84942 110.77644
38.86046 110.76937
36.87151 110.76229
34.88255 110.75521
32.89360 110.74813
30.90464 110.74105
28.91569 110.73397
26.92673 110.72690
24.93778 110.71982
22.94928 110.65319
20.96124 110.52700
18.97229 110.51993
16.98425 110.39374
14.99575 110.32711
13.00680 110.32003
11.01784 110.31296
9.02889 110.30588
7.03993 110.29880
5.05220 110.13292
3.06477 109.92733
1.07582 109.92025
-0.91314 109.91317
-2.90209 109.90610
-4.89090 109.87917
-6.87786 109.61403
-8.86621 109.52755
-10.85516 109.52047
-12.84366 109.45384
-14.83078 109.20855
-16.81927 109.14192
-18.80823 109.13484
-20.79642 109.02851
-22.78354 108.78322
-24.77234 108.75629
-26.76084 108.68966
-28.74765 108.40467
-30.73646 108.37774
-32.72480 108.29126
-34.71161 108.00627
-36.70057 107.99919
-38.68830 107.83331
-40.67573 107.62772
-42.66453 107.60079
-44.65119 107.29595
-46.63984 107.24917
-48.62681 106.98404
-50.61500 106.87770
-52.60227 106.65227
-54.59016 106.50623
-56.57712 106.24109
-58.56532 106.13476
-60.55182 105.81007
-62.54017 105.72359
-64.52668 105.39890
-66.51426 105.21316
-68.50153 104.98772
-70.48804 104.66303
-72.47500 104.39790
-74.46228 104.17246
-76.44894 103.86762
-78.43514 103.50322
-80.42165 103.17853
-82.40785 102.81414
-84.39344 102.37035
-86.37934 101.96625
-88.36493 101.52245
-90.34991 100.99926
-92.33489 100.47606
-94.31926 99.87345
-96.30347 99.25100
-98.28723 98.56899
-100.27037 97.80759
-102.25321 97.00647
-104.23483 96.04656
-106.21675 95.12634
-108.19729 94.02747
-110.17722 92.84919
-112.15639 91.57166
-114.13449 90.15518
-116.11152 88.59974
-118.08763 86.92519
-120.06221 85.05213
-122.03419 82.84162
-124.00403 80.35319
-125.96989 77.34864
-127.82396 74.17575
-129.45517 70.76260
-130.86490 67.28643
-131.83185 63.70974
-132.88674 60.39081
-133.79154 56.71509
-134.71673 52.95422
-135.38081 48.99577
-136.03450 45.05436
-136.36798 41.89681
-136.83164 38.56013
-137.22986 34.92592
-137.70847 30.45766
-138.01561 26.27077
-138.36432 22.35597
-138.45131 17.71044

